1-5, 8-17, 20-29, 32-36
1-4, 9-16, 21-28, 33-36
1-3, 6-7, 10-15, 18-19, 22-27, 30-31, 34-36
1-2, 5-8, 11-14, 17-20, 23-26, 29-32, 35-36
1-1, 4-9, 12-14, 17-20, 23-25, 28-33, 36-36
3-10, 13-15, 18-19, 22-24, 27-34
3-10, 13-16, 21-24, 27-34
1-1, 4-9, 12-17, 20-25, 28-33, 36-36
1-2, 5-8, 11-16, 21-26, 29-32, 35-36
1-3, 6-7, 10-15, 18-19, 22-27, 30-31, 34-36
1-4, 9-14, 17-20, 23-28, 33-36
1-5, 8-13, 16-21, 24-29, 32-36
1-4, 9-12, 15-22, 25-28, 33-36
1-3, 6-7, 10-11, 14-23, 26-27, 30-31, 34-36
1-2, 5-8, 11-11, 14-23, 26-26, 29-32, 35-36
1-2, 5-8, 11-12, 15-22, 25-26, 29-32, 35-36
1-3, 6-7, 10-13, 16-21, 24-27, 30-31, 34-36
1-4, 9-14, 17-20, 23-28, 33-36
1-5, 8-15, 18-19, 22-29, 32-36
1-4, 9-16, 21-28, 33-36
1-3, 6-7, 10-17, 20-27, 30-31, 34-36
1-2, 5-8, 11-16, 21-26, 29-32, 35-36
1-1, 4-9, 12-15, 18-19, 22-25, 28-33, 36-36
3-10, 13-14, 17-20, 23-24, 27-34
3-10, 13-14, 17-20, 23-24, 27-34
1-1, 4-9, 12-15, 18-19, 22-25, 28-33, 36-36
1-2, 5-8, 11-16, 21-26, 29-32, 35-36
1-3, 6-7, 10-17, 20-27, 30-31, 34-36
1-4, 9-16, 21-28, 33-36
1-5, 8-15, 18-19, 22-29, 32-36
1-4, 9-14, 17-20, 23-28, 33-36
1-3, 6-7, 10-13, 16-21, 24-27, 30-31, 34-36
1-2, 5-8, 11-12, 15-22, 25-26, 29-32, 35-36
1-2, 5-8, 11-11, 14-23, 26-26, 29-32, 35-36
1-3, 6-7, 10-11, 14-23, 26-27, 30-31, 34-36
1-4, 9-12, 15-22, 25-28, 33-36
1-5, 8-13, 16-21, 24-29, 32-36
1-4, 9-14, 17-20, 23-28, 33-36
1-3, 6-7, 10-15, 18-19, 22-27, 30-31, 34-36
1-2, 5-8, 11-16, 21-26, 29-32, 35-36
1-1, 4-9, 12-17, 20-25, 28-33, 36-36
3-10, 13-16, 21-24, 27-34
3-10, 13-15, 18-19, 22-24, 27-34
1-1, 4-9, 12-14, 17-20, 23-25, 28-33, 36-36
1-2, 5-8, 11-14, 17-20, 23-26, 29-32, 35-36
1-3, 6-7, 10-15, 18-19, 22-27, 30-31, 34-36
1-4, 9-16, 21-28, 33-36
1-5, 8-17, 20-29, 32-36
